9.937500000000000000e+01
9.792499999999999716e+01
1.006250000000000000e+02
9.887500000000000000e+01
9.952500000000000568e+01
1.015000000000000000e+02
9.932500000000000284e+01
9.937500000000000000e+01
9.702500000000000568e+01
1.019249999999999972e+02
9.942499999999999716e+01
9.850000000000000000e+01
9.857500000000000284e+01
9.929999999999999716e+01
9.820000000000000284e+01
1.002249999999999943e+02
9.984999999999999432e+01
9.825000000000000000e+01
9.752500000000000568e+01
9.812500000000000000e+01
1.011500000000000057e+02
6.767499999999999716e+01
1.139749999999999943e+02
1.534000000000000057e+02
7.379999999999999716e+01
9.000000000000000222e-01
2.252499999999999858e+01
